[
  {
    "y2": 1.0,
    "x1": 0.0,
    "y1": 0.23480662983425415,
    "x2": 0.5546875,
    "oy1": 170,
    "ox1": 0,
    "ox2": 568,
    "oy2": 724,
    "area": 314672,
    "ignore": false
  },
  {
    "y2": 0.23480662983425415,
    "x1": 0.0,
    "y1": 0.0,
    "x2": 1.0,
    "oy1": 0,
    "ox1": 0,
    "ox2": 1024,
    "oy2": 170,
    "area": 174080,
    "ignore": false
  },
  {
    "y2": 0.74033149171270718,
    "x1": 0.5546875,
    "y1": 0.23480662983425415,
    "x2": 1.0,
    "oy1": 170,
    "ox1": 568,
    "ox2": 1024,
    "oy2": 536,
    "area": 166896,
    "ignore": false
  },
  {
    "y2": 1.0,
    "x1": 0.5546875,
    "y1": 0.74033149171270718,
    "x2": 1.0,
    "oy1": 536,
    "ox1": 568,
    "ox2": 1024,
    "oy2": 724,
    "area": 85728,
    "ignore": false
  }
]