[
  {
    "oy1": 240,
    "x1": 0.0,
    "oy2": 724,
    "y1": 0.33149171270718231,
    "ignore": false,
    "x2": 0.3876953125,
    "ox1": 0,
    "y2": 1.0,
    "ox2": 397,
    "area": 192148
  },
  {
    "oy1": 0,
    "x1": 0.0,
    "oy2": 240,
    "y1": 0.0,
    "ignore": false,
    "x2": 1.0,
    "ox1": 0,
    "y2": 0.33149171270718231,
    "ox2": 1024,
    "area": 245760
  },
  {
    "oy1": 240,
    "x1": 0.3876953125,
    "oy2": 511,
    "y1": 0.33149171270718231,
    "ignore": false,
    "x2": 1.0,
    "ox1": 397,
    "y2": 0.70580110497237569,
    "ox2": 1024,
    "area": 169917
  },
  {
    "oy1": 511,
    "x1": 0.3876953125,
    "oy2": 724,
    "y1": 0.70580110497237569,
    "ignore": false,
    "x2": 1.0,
    "ox1": 397,
    "y2": 1.0,
    "ox2": 1024,
    "area": 133551
  }
]