[
  {
    "x1": 0.40234375,
    "y1": 0.0,
    "x2": 1.0,
    "ox2": 1024,
    "y2": 0.66574585635359118,
    "oy2": 482,
    "ox1": 412,
    "oy1": 0,
    "area": 294984,
    "ignore": false
  },
  {
    "x1": 0.0,
    "y1": 0.66574585635359118,
    "x2": 1.0,
    "ox2": 1024,
    "y2": 1.0,
    "oy2": 724,
    "ox1": 0,
    "oy1": 482,
    "area": 247808,
    "ignore": false
  },
  {
    "x1": 0.0,
    "y1": 0.28176795580110497,
    "x2": 0.40234375,
    "ox2": 412,
    "y2": 0.66574585635359118,
    "oy2": 482,
    "ox1": 0,
    "oy1": 204,
    "area": 114536,
    "ignore": false
  },
  {
    "x1": 0.0,
    "y1": 0.0,
    "x2": 0.40234375,
    "ox2": 412,
    "y2": 0.28176795580110497,
    "oy2": 204,
    "ox1": 0,
    "oy1": 0,
    "area": 84048,
    "ignore": false
  }
]