[
  {
    "x1": 0.4765625,
    "y1": 0.0,
    "x2": 1.0,
    "oy1": 0,
    "y2": 0.73204419889502759,
    "ox1": 488,
    "ignore": false,
    "area": 284080,
    "oy2": 530,
    "ox2": 1024
  },
  {
    "x1": 0.0,
    "y1": 0.73204419889502759,
    "x2": 1.0,
    "oy1": 530,
    "y2": 1.0,
    "ox1": 0,
    "ignore": false,
    "area": 198656,
    "oy2": 724,
    "ox2": 1024
  },
  {
    "x1": 0.0,
    "y1": 0.25690607734806631,
    "x2": 0.4765625,
    "oy1": 186,
    "y2": 0.73204419889502759,
    "ox1": 0,
    "ignore": false,
    "area": 167872,
    "oy2": 530,
    "ox2": 488
  },
  {
    "x1": 0.0,
    "y1": 0.0,
    "x2": 0.4765625,
    "oy1": 0,
    "y2": 0.25690607734806631,
    "ox1": 0,
    "ignore": false,
    "area": 90768,
    "oy2": 186,
    "ox2": 488
  }
]