[
{
  "cx1": 0.20781250298023224,
    "cx2": 0.7515624761581421,
    "cy1": 0,
    "cy2": 1,
    "imgindex": 3,
    "tileindex": 0,
    "tx1": 0.00390625,
    "tx2": 0.3857421875,
    "ty1": 0.3342541456222534,
    "ty2": 0.9944751262664795
},
{
  "cx1": 0,
  "cx2": 1,
  "cy1": 0.4577464759349823,
  "cy2": 0.8028169274330139,
  "imgindex": 0,
  "tileindex": 1,
  "tx1": 0.00390625,
  "tx2": 0.99609375,
  "ty1": 0.005524862091988325,
  "ty2": 0.3287292718887329
},
{
  "cx1": 0,
  "cx2": 1,
  "cy1": 0.12206573039293289,
  "cy2": 0.7676056623458862,
  "imgindex": 2,
  "tileindex": 2,
  "tx1": 0.3896484375,
  "tx2": 0.99609375,
  "ty1": 0.3342541456222534,
  "ty2": 0.7030386924743652
},
{
  "cx1": 0,
  "cx2": 1,
  "cy1": 0.18779343366622925,
  "cy2": 0.6877934336662292,
  "imgindex": 1,
  "tileindex": 3,
  "tx1": 0.3896484375,
  "tx2": 0.99609375,
  "ty1": 0.708563506603241,
  "ty2": 0.9944751262664795
}
]
