[
  {
    "tileindex": 0,
    "cy1": 0.0,
    "imgindex": 3,
    "tx1": 0.00390625,
    "cy2": 1.0,
    "ty1": 0.33425414364640882,
    "tx2": 0.3857421875,
    "cx2": 0.75156250000000002,
    "ty2": 0.99447513812154698,
    "cx1": 0.20781250000000001
  },
  {
    "tileindex": 1,
    "cy1": 0.45774647887323944,
    "imgindex": 0,
    "tx1": 0.00390625,
    "cy2": 0.80281690140845074,
    "ty1": 0.0055248618784530384,
    "tx2": 0.99609375,
    "cx2": 1.0,
    "ty2": 0.32872928176795579,
    "cx1": 0.0
  },
  {
    "tileindex": 2,
    "cy1": 0.12206572769953052,
    "imgindex": 2,
    "tx1": 0.3896484375,
    "cy2": 0.76760563380281688,
    "ty1": 0.33425414364640882,
    "tx2": 0.99609375,
    "cx2": 1.0,
    "ty2": 0.70303867403314912,
    "cx1": 0.0
  },
  {
    "tileindex": 3,
    "cy1": 0.18779342723004694,
    "imgindex": 1,
    "tx1": 0.3896484375,
    "cy2": 0.68779342723004699,
    "ty1": 0.70856353591160226,
    "tx2": 0.99609375,
    "cx2": 1.0,
    "ty2": 0.99447513812154698,
    "cx1": 0.0
  }
]