[
  {
    "tileindex": 0,
    "cx1": 0.056250000000000001,
    "ty2": 0.66298342541436461,
    "ty1": 0.0055248618784530384,
    "imgindex": 3,
    "cx2": 0.90312499999999996,
    "tx1": 0.404296875,
    "tx2": 0.99609375,
    "cy1": 0.0,
    "cy2": 1.0
  },
  {
    "tileindex": 1,
    "cx1": 0.0,
    "ty2": 0.99447513812154698,
    "ty1": 0.66850828729281764,
    "imgindex": 0,
    "cx2": 1.0,
    "tx1": 0.00390625,
    "tx2": 0.99609375,
    "cy1": 0.45539906103286387,
    "cy2": 0.80516431924882625
  },
  {
    "tileindex": 2,
    "cx1": 0.0140625,
    "ty2": 0.66298342541436461,
    "ty1": 0.28453038674033149,
    "imgindex": 2,
    "cx2": 1.0,
    "tx1": 0.00390625,
    "tx2": 0.400390625,
    "cy1": 0.0,
    "cy2": 1.0
  },
  {
    "tileindex": 3,
    "cx1": 0.0,
    "ty2": 0.27900552486187846,
    "ty1": 0.0055248618784530384,
    "imgindex": 1,
    "cx2": 1.0,
    "tx1": 0.00390625,
    "tx2": 0.400390625,
    "cy1": 0.070422535211267609,
    "cy2": 0.80281690140845074
  }
]