[
  {
    "tileindex": 0,
    "ty2": 0.72928176795580113,
    "cy1": 0.0,
    "imgindex": 3,
    "tx2": 0.99609375,
    "cy2": 1.0,
    "cx2": 0.81718749999999996,
    "tx1": 0.478515625,
    "ty1": 0.0055248618784530384,
    "cx1": 0.14374999999999999
  },
  {
    "tileindex": 1,
    "ty2": 0.99447513812154698,
    "cy1": 0.49061032863849763,
    "imgindex": 0,
    "tx2": 0.99609375,
    "cy2": 0.76760563380281688,
    "cx2": 1.0,
    "tx1": 0.00390625,
    "ty1": 0.73480662983425415,
    "cx1": 0.0
  },
  {
    "tileindex": 2,
    "ty2": 0.72928176795580113,
    "cy1": 0.0,
    "imgindex": 2,
    "tx2": 0.474609375,
    "cy2": 1.0,
    "cx2": 1.0,
    "tx1": 0.00390625,
    "ty1": 0.25966850828729282,
    "cx1": 0.056250000000000001
  },
  {
    "tileindex": 3,
    "ty2": 0.2541436464088398,
    "cy1": 0.15727699530516431,
    "imgindex": 1,
    "tx2": 0.474609375,
    "cy2": 0.71830985915492962,
    "cx2": 1.0,
    "tx1": 0.00390625,
    "ty1": 0.0055248618784530384,
    "cx1": 0.0
  }
]